2107.77777778
1242.0754717
2009.77777778
1534.23728814
1242.0754717
2107.77777778
1534.23728814
2107.77777778
2107.77777778
1760.18691589
1242.0754717
2009.77777778
2009.77777778
2009.77777778
1242.0754717
2504.97142857
1023.75
1246.27906977
2761.11111111
2761.11111111
2679.82758621
2761.11111111
1219.53488372
1556.36363636
2761.11111111
1556.36363636
1556.36363636
3412.64705882
2725.34482759
2639.04761905
3412.64705882
2696.89655172
2639.04761905
1569.52380952
1569.52380952
2696.89655172
1569.52380952
1569.52380952
2696.89655172
1569.52380952
1569.52380952
2696.89655172
1569.52380952
2532.35294118
2595.87301587
2761.11111111
2532.35294118
2595.87301587
2761.11111111
2532.35294118
2595.87301587
2761.11111111
2532.35294118
2595.87301587
2733.33333333
2506.61764706
2595.87301587
2761.11111111
2532.35294118
2595.87301587
2761.11111111
2532.35294118
3412.64705882
2725.34482759
2639.04761905
2639.04761905
3412.64705882
2639.04761905
2639.04761905
3412.64705882
2639.04761905
2639.04761905
3412.64705882
2639.04761905
2639.04761905
3412.64705882
2788.88888889
2788.88888889
2146.66666667
2788.88888889
2146.66666667
2107.77777778
2107.77777778
2146.66666667
2107.77777778
2107.77777778
1381.13207547
1381.13207547
1407.56756757
1286.75675676
1286.75675676
1286.75675676
1388.10810811
1375.47169811
1652.68292683
1652.68292683
1652.68292683
1613.41463415
1102.5
1102.5
1613.41463415
1452.19512195
1452.19512195
1452.19512195
1452.19512195
1452.19512195
1452.19512195
1452.19512195
1452.19512195
1613.07692308
1452.19512195
1452.19512195
1335.36585366
1613.07692308
1452.19512195
1215.31914894
1557.69230769
1215.31914894
1308.5106383
1351.06382979
1153.51351351
1055.67567568
1055.67567568
1268.10810811
1268.10810811
1268.10810811
1268.10810811
1268.10810811
1268.10810811
1268.10810811
1268.10810811
1201.08108108
1201.08108108
1756.57894737
1604.32432432
1239.79591837
1701.96078431
1863.25
1556.47058824
1701.96078431
1556.47058824
1701.96078431
1701.96078431
1641.56862745
1580
1585.38461538
1521.95121951
1547.56097561
1585.38461538
1521.95121951
1547.56097561
1626.92307692
1521.95121951
1659.51219512
1659.51219512
1070.96774194
1070.96774194
1001.25
1001.25
1070.96774194
1262.5
1262.5
1130.42553191
1130.42553191
1174.89361702
1174.89361702
1174.89361702
476.129032258
1030.625
476.129032258
1030.625
1030.625
476.129032258
1030.625
1030.625
476.129032258